dasfa
dafd
asfadf
915251074
915300405
915329334
915332443
915381461
915381848
915385422
915385444
915385460
915385966
915388650
915398369
915403105
915403338
915403496
915407603
915408588
915408940
915411499
915411507
915413534
915492080
915511735
915537107
915548871
915613632
915629151
915630170
915642480
915924182
916033056
916367437
916613834
916652150
916652491
916653938
916654996
916912466
916912472
916933345
916989233
917172498
917196897
917196901
917239135
917243918
917331194
917331879
917332002
917332003
917332748
917332749
917332751
917332752
917332849
917332850
917332851
917332852
917332855
917332856
917332858
917332861
917332871
917332872
917332875
917332878
917332879
917332880
917332884
917332886
917332897
917332899
917332901
917332910
917332911
917332919
917332920
917332925
917332945
917332946
917332950
917332954
917332955
917333033
917333036
917333044
917333045
917333077
917333081
917333088
917333103
917333130
917333138
917333148
917333299
917333375
917334110
917334144
917334146
917334148
917334156
917334159
915251074
915300405
915329334
915332443
915381461
915381848
915385422
915385444
915385460
915385966
915388650
915398369
915403105
915403338
915403496
915407603
915408588
915408940
915411499
915411507
915413534
915492080
915511735
915537107
915548871
915613632
915629151
915630170
915642480
915924182
916033056
916367437
916613834
916652150
916652491
916653938
916654996
916912466
916912472
916933345
916989233
917172498
917196897
917196901
917239135
917243918
917331194
917331879
917332002
917332003
917332748
917332749
917332751
917332752
917332849
917332850
917332851
917332852
917332855
917332856
917332858
917332861
917332871
917332872
917332875
917332878
917332879
917332880
917332884
917332886
917332897
917332899
917332901
917332910
917332911
917332919
917332920
917332925
917332945
917332946
917332950
917332954
917332955
917333033
917333036
917333044
917333045
917333077
917333081
917333088
917333103
917333130
917333138
917333148
917333299
917333375
917334110
917334144
917334146
917334148
917334156
917334159
917334184
917334186
917334187
917334210
917334213
917334215
917334261
917334262
917334263
917334287
917334298
917334312
917334323
917334325
917334337
917334339
917334368
917334379
917334395
917334403
917334411
917334428
917334441
917334451
917334454
917334455
917334458
917334460
917334463
917334465
917334467
917334555
917334558
917336127
917336131
917336134
917336135
917336136
917336137
917336144
917336145
917336152
917336159
917336190
917336195
917336200
917336206
917336211
917336212
917336214
917336216
917336228
917336229
917336231
917336237
917336242
917336243
917336259
917336260
917336284
917336304
917336307
917336316
917336319
917336326
917336327
917336328
917336330
917336333
917336334
917336337
917336338
917336339
917336340
917336345
917336347
917336358
917336369
917336370
917336376
917336378
917336381
917336385
917336392
917336393
917336397
917336402
917336406
917336415
917336416
917336423
917336434
917336441
917336443
917336449
917336452
917336453
917336459
917336463
917336470
917336472
917336477
917336478
917336484
917336493
917336513
917336514
917336518
917336524
915251074
915300405
915329334
915332443
915381461
915381848
915385422
915385444
915385460
915385966
915388650
915398369
915403105
915403338
915403496
915407603
915408588
915408940
915411499
915411507
915413534
915492080
915511735
915537107
915548871
915613632
915629151
915630170
915642480
915924182
916033056
916367437
916613834
916652150
916652491
916653938
916654996
916912466
916912472
916933345
916989233
917172498
917196897
917196901
917239135
917243918
917331194
917331879
917332002
917332003
917332748
917332749
917332751
917332752
917332849
917332850
917332851
917332852
917332855
917332856
917332858
917332861
917332871
917332872
917332875
917332878
917332879
917332880
917332884
917332886
917332897
917332899
917332901
917332910
917332911
917332919
917332920
917332925
917332945
917332946
917332950
917332954
917332955
917333033
917333036
917333044
917333045
917333077
917333081
917333088
917333103
917333130
917333138
917333148
917333299
917333375
917334110
917334144
917334146
917334148
917334156
917334159
917334184
917334186
917334187
917334210
917334213
917334215
917334261
917334262
917334263
917334287
917334298
917334312
917334323
917334325
917334337
917334339
917334368
917334379
917334395
917334403
917334411
917334428
917334441
917334451
917334454
917334455
917334458
917334460
917334463
917334465
917334467
917334555
917334558
917336127
917336131
917336134
917336135
917336136
917336137
917336144
917336145
917336152
917336159
917336190
917336195
917336200
917336206
917336211
917336212
917336214
917336216
917336228
917336229
917336231
917336237
917336242
917336243
917336259
917336260
917336284
917336304
917336307
917336316
917336319
917518593
917518594
917518596
917518602
917518603
917518605
917518606
917518608
917518609
917518610
917518611
917518612
917518615
917518623
917518624
917518625
917518626
917518630
917518631
917518634
917518636
917518651
917518657
917518658
917518661
917518663
917518668
917518670
917518674
917518676
917518677
917518687
917518690
917518699
917518732
917518784
917518803
917518821
917518831
917518850
917518879
917518888
917518893
917518912
917518913
917518943
917518955
917518957
917518993
917519016
917519062
917519063
917519064
917519065
917519066
917519073
917519077
917519081
917519082
917519083
917519091
917519092
917519093
917519133
917519154
917519184
917519201
917519216
917519223
917519338
917519339
917519346
917519347
917519360
917519402
917519418
917519431
917519639
917519671
917519725
917519743
917520339
917520433
917520454
917520521
917520593
917520785
917520890
917520933
917520943
917521548
917525419
917525441
917529959
917530510
917744614
917896802
917932671
917936199
917936200
917936344
917936357
917936359
917936362
917936369
917936382
917936390
917936393
917936713
918052343
918052388
918052734
918057979
918058265
918058390
918058464
918246884
918289737
918289740
918289765
918290543
918291471
918291485
918703499
918882871
919168311
919168927
919169028
919169965
919170123
919170156
919170371
919170989
919170990
919170991
919170992
919170994
919170995
919170997
919170999
919171214
919171229
919171290
919171307
919171787
919171852
919171874
919171875
919171876
919171899
919171902
919171908
919171910
919171923
919171943
919172014
919172053
919172054
919172079
919172146
919172209
919172214
919172324
919172537
919172551
919172552
919172557
919172562
919172575
919172577
919172602
919172603
919172626
919172637
919172643
919172657
919172805
919173385
919173417
919173580
919201580
919454317
919455219
919455614
919455662
919499266
919599870
919601189
919601192
919601266
919644115
919711205
919711267
919727003
919727643
919727644
919727656
919727902
919985964
919997204
920103662
920164962
920356871
920357144
920357179
920557128
920781655
920792986
920796780
920895507
920899546
920915010
920915326
920918305
920952125
920960792
921093220
921134793
921134844
921134871
921134893
921134894
921135832
921135962
921136361
921179552
921201832
921203721
921207221
921254901
921265649
921764708
921797771
921801908
922246760
922254245
922254567
922254858
922255583
922255588
922255591
922255592
922255594
922255599
922255600
922255601
922255602
922255608
922255685
922255704
922255809
922255816
922255817
922255818
922255819
922255820
922255821
922255839
922255852
922255854
922255855
922255867
922255870
922255875
922255902
922255913
922255982
922255986
922255991
922255996
922256018
922256019
922256020
922256025
922256077
922256090
922256258
922256273
922256726
922256728
922256731
922256734
922256737
922256739
922256745
922256747
922256748
922256756
922256757
922256762
922256763
922256768
922256769
922256772
922256774
922256775
922256780
922256781
922256784
922256787
922256793
922256795
922256801
922256802
922256804
922256811
922256814
922256889
922256890
922256897
922256900
922256901
922256904
922256905
922256906
922256910
922256923
922256931
922256936
922256943
922256945
922256948
922256949
922256950
922256954
922256957
922256958
922256961
922256963
922256967
922256972
922256973
922257035
922257051
922257055
922257058
922257059
922257068
922257092
917501591
917501610
917501613
917501617
917501618
917501648
917501649
917501650
917501669
917501670
917501672
917501673
917501678
917501679
917501680
917501684
917501685
917501693
917501697
917501698
917501699
917501700
917501701
917501702
917501705
917501706
917501707
917501709
917501712
917501714
917501715
917501716
917501721
917501722
917501739
917501745
917501746
917501747
917501748
917501750
917501759
917501764
917501767
917501768
917501772
917501773
917501774
917501775
917501776
917501777
917501779
917501780
917501781
917501782
917501783
917501807
917501816
917501817
917501818
917501820
917501821
917501824
917501825
917501826
917501827
917501828
917501831
917501832
917501833
917501834
917501835
917501836
917501839
917501840
917501842
917501843
917501854
917501855
917501859
917501860
917501861
917501862
917501864
917501866
917501867
917501868
917501869
917501870
917501871
917501872
917501873
917501874
917501875
917501876
917501877
917501878
917501879
917501881
917501882
917501883
917501884
917501885
917501888
917501889
917501891
917501893
917501897
917501898
917501899
917501903
917501907
917501908
917501934
917501935
917501936
917501941
917501943
917501945
917501950
917501951
917501591
917501610
917501613
917501617
917501618
917501648
917501649
917501650
917501669
917501670
917501672
917501673
917501678
917501679
917501680
917501684
917501685
917501693
917501697
917501698
917501699
917501700
917501701
917501702
917501705
917501706
917501707
917501709
917501712
917501714
917501715
917501716
917501721
917501722
917501739
917501745
917501746
917501747
917501748
917501750
917501759
917501764
917501767
917501768
917501772
917501773
917501774
917501775
917501776
917501777
917501779
917501780
917501781
917501782
917501783
917501807
917501816
917501817
917501818
917501820
917501821
917501824
917501825
917501826
917501827
917501828
917501831
917501832
917501833
917501834
917501835
917501836
917501839
917501840
917501842
917501843
917501854
917501855
917501859
917501860
917501861
917501862
917501864
917501866
917501867
917501868
917501869
917501870
917501871
917501872
917501873
917501874
917501875
917501876
917501877
917501878
917501879
917501881
917501882
917501883
917501884
917501885
917501888
917501889
917501891
917501893
917501897
917501898
917501899
917501903
917501907
917501908
917501934
917501935
917501936
917501941
917501943
917501945
917501950
917501951
917501960
917501962
917501965
917501966
917501969
917501970
917501974
917501975
917501976
917501985
917501986
917501991
917501992
917501994
917501996
917501999
917502000
917502001
917502002
917502012
917502017
917502026
917502029
917502030
917502031
917502032
917502034
917502035
917502036
917502037
917502040
917502053
917502054
917502063
917502066
917502068
917502144
917502145
917502148
917502149
917502150
917502151
917502153
917502154
917502173
917502176
917502178
917502179
917502180
917502181
917502182
917502183
917502186
917502195
917502196
917502197
917502198
917502199
917502205
917502211
917502215
917502216
917502217
917502221
917502222
917502223
917502224
917502228
917502229
917502236
917502239
917502243
917502351
917502352
917502353
917502354
917502355
917502360
917502361
917502362
917502364
917502385
917501591
917501610
917501613
917501617
917501618
917501648
917501649
917501650
917501669
917501670
917501672
917501673
917501678
917501679
917501680
917501684
917501685
917501693
917501697
917501698
917501699
917501700
917501701
917501702
917501705
917501706
917501707
917501709
917501712
917501714
917501715
917501716
917501721
917501722
917501739
917501745
917501746
917501747
917501748
917501750
917501759
917501764
917501767
917501768
917501772
917501773
917501774
917501775
917501776
917501777
917501779
917501780
917501781
917501782
917501783
917501807
917501816
917501817
917501818
917501820
917501821
917501824
917501825
917501826
917501827
917501828
917501831
917501832
917501833
917501834
917501835
917501836
917501839
917501840
917501842
917501843
917501854
917501855
917501859
917501860
917501861
917501862
917501864
917501866
917501867
917501868
917501869
917501870
917501871
917501872
917501873
917501874
917501875
917501876
917501877
917501878
917501879
917501881
917501882
917501883
917501884
917501885
917501888
917501889
917501891
917501893
917501897
917501898
917501899
917501903
917501907
917501908
917501934
917501935
917501936
917501941
917501943
917501945
917501950
917501951
917501960
917501962
917501965
917501966
917501969
917501970
917501974
917501975
917501976
917501985
917501986
917501991
917501992
917501994
917501996
917501999
917502000
917502001
917502002
917502012
917502017
917502026
917502029
917502030
917502031
917502032
917502034
917502035
917502036
917502037
917502040
917502053
917502054
917502063
917502066
917502068
917502144
917502145
917502148
917502149
917502150
917502151
917502153
917502154
917502173
917502176
917502178
917502179
917502180
917502181
917502182
917502183
917502186
917502195
917502196
917502197
917502198
917502199
917502205
917502211
917502215
917502216
917502217
917502221
917502222
917502223
917502224
917502228
917502229
917502236
917502239
917502243
917502351
917502352
917502353
917502354
917502355
917502360
917502361
917502362
917502364
917502385
917502400
917502401
917502404
917502407
917502409
934015878
934072723
934564086
934759476
934773096
935658371
935810980
935817885
935830272
935831022
936000445
936108550
936108581
936150648
936197880
936288236
936349163
936419303
936523871
937010305
937010330
937061066
937556686
937736468
937813689
937816017
937859356
938304846
938437265
919171923
919171943
919172014
919172053
919172054
919172079
919172146
919172209
919172214
919172324
919172537
919172551
919172552
919172557
919172562
919172575
919172577
919172602
919172603
919172626
919172637
919172643
919172657
919172805
919173385
919173417
919173580
919201580
919454317
919455219
919455614
919455662
919499266
919599870
919601189
919601192
919601266
919644115
919711205
919711267
919727003
919727643
919727644
919727656
919727902
919985964
919997204
920103662
920164962
920356871
920357144
920357179
920557128
920781655
920792986
920796780
920895507
920899546
920915010
920915326
920918305
920952125
920960792
921093220
921134793
921134844
921134871
921134893
921134894
921135832
921135962
921136361
921179552
921201832
921203721
921207221
921254901
921265649
921764708
921797771
921801908
922246760
922254245
922254567
922254858
922255583
922255588
922255591
922255592
922255594
922255599
922255600
922255601
922255602
922255608
922255685
922255704
922255809
922255816
922255817
922255818
922255819
922255820
922255821
922255839
922255852
922255854
922255855
922255867
922255870
922255875
922255902
922255913
922255982
922255986
922255991
922255996
922256018
922256019
922256020
922256025
922256077
922256090
922256258
922256273
922256726
922256728
922256731
922256734
922256737
922256739
922256745
922256747
922256748
922256756
922256757
922256762
922256763
922256768
922256769
922256772
922256774
922256775
922256780
922256781
922256784
922256787
922256793
922256795
922256801
922256802
922256804
922256811
922256814
922256889
922256890
922256897
922256900
922256901
922256904
922256905
922256906
922256910
922256923
922256931
922256936
922256943
922256945
922256948
922256949
922256950
922256954
922256957
922256958
922256961
922256963
922256967
922256972
922256973
919455219
919455614
919455662
919499266
919599870
919601189
919601192
919601266
919644115
919711205
919711267
919727003
919727643
919727644
919727656
919727902
919985964
919997204
920103662
920164962
920356871
920357144
920357179
920557128
920781655
920792986
920796780
920895507
920899546
920915010
920915326
920918305
920952125
920960792
921093220
921134793
921134844
921134871
921134893
921134894
921135832
921135962
921136361
921179552
921201832
921203721
921207221
921254901
921265649
921764708
921797771
921801908
922246760
922254245
922254567
922254858
922255583
922255588
922255591
922255592
922255594
922255599
922255600
922255601
922255602
922255608
922255685
922255704
922255809
922255816
922255817
922255818
922255819
922255820
922255821
922255839
922255852
922255854
922255855
922255867
922255870
922255875
922255902
922255913
922255982
922255986
922255991
922255996
922256018
922256019
922256020
922256025
922256077
922256090
922256258
922256273
922256726
922256728
922256731
922256734
922256737
922256739
922256745
922256747
922256748
922256756
922256757
922256762
922256763
922256768
922256769
922256772
922256774
922256775
922256780
922256781
922256784
922256787
922256793
922256795
922256801
922256802
922256804
922256811
922256814
922256889
922256890
922256897
922256900
922256901
922256904
922256905
922256906
922256910
922256923
922256931
922256936
922256943
922256945
922256948
922256949
922256950
922256954
922256957
922256958
922256961
922256963
922256967
922256972
922256973
922257035
922257051
922257055
922257058
922257059
922257068
922257092
922257146
922257147
922257153
922257250
922258102
922258110
922258121
922258141
922258159
922258205
922258207
922258211
922258215
922258220
922258221
922258222
922258224
922258226
922258232
922258234
922258235
922258237
922258240
922258244
922258245
922258247
922258257
922258263
922258269
922258592
922258594
922258597
922258628
922258652
922258659
922258661
922258684
922258692
922259047
922259048
922259049
922259050
922259054
922259057
922259066
922259069
922259071
922259072
922259077
922259099
922259100
922259101
922259102
922259110
922259115
922259117
922259120
922259126
922259127
922259140
922259148
922259181
922259198
922259200
922259203
922259209
922259210
922259218
922259223
922259225
922259229
922259248
922259251
922259260
922259263
922259278
922259305
922259391
922259393
922259409
922259540
922259577
922259581
922259582
922259594
922259599
922259624
922259625
922259636
922259637
922259642
922259645
922259655
922259661
922259669
922259671
922259701
922259738
922259763
922259777
922259809
922259817
922259832
922259841
922460807
922478219
922566609
922598848
922598958
922605907
922630048
922634329
922651798
923227289
923294145
923317107
923318236
923325194
923328615
923697955
923709407
923709610
923709775
923710089
923710123
923710134
923710816
923710881
923710962
923821741
924014458
924050075
924518225
924706784
924713641
924720347
924823234
924930931
924944375
924978394
925103282
925592654
925835726
925971296
926046406
926253247
926272853
926273905
926278309
926278626
926278648
926284511
926312823
926312976
926314368
926315164
926315168
926315196
926315300
926315354
926321839
926322279
926322292
926322713
926322807
926323443
926323446
926323471
926323512
926323544
926323607
926323649
926323650
926323921
926323942
926324082
926324200
926324374
926324387
926324915
926993820
927380584
927395819
927512933
927724185
928007169
928110764
928466009
928951421
929131336
929285342
929423343
929427998
929472655
929480119
929567305
929621547
929623922
929627245
929632253
929642066
929822227
929822620
930148047
930289118
930643160
930818405
931128323
931386189
931386600
931491541
931543420
931629200
931702099
931974132
932007306
932027031
932027232
932051145
932053711
932062484
932110679
932155426
932306823
932427899
932460342
932461067
932469953
932471150
932474653
932499139
932668866
932684045
933069370
933242514
933368708
933417546
933863189
934015878
934072723
934564086
934759476
934773096
935658371
935810980
935817885
935830272
935831022
936000445
936108550
936108581
936150648
936197880
936288236
936349163
936419303
936523871
937010305
937010330
937061066
937556686
937736468
937813689
937816017
937859356
938304846
938437265
917514376
917514377
917514379
917514382
917514385
917514392
917514398
917514401
917514411
917514412
917514414
917514417
917514420
917514421
917514422
917514423
917514425
917514451
917514455
917514458
917514459
917514460
917514461
917514462
917514463
917514464
917514465
917514466
917514467
917514475
917514476
917514477
917514478
917514479
917514482
917514483
917514488
917514489
917514491
917514492
917514507
917514508
917514509
917514510
917514511
917514514
917514515
917514516
917514527
917514529
917514534
917514542
917514543
917514545
917514555
917514560
917514563
917514568
917514611
917514612
917514613
917514621
917514624
917514640
917514641
917514642
917514653
917514654
917514655
917514656
917514660
917514661
917514662
917514666
917514717
917514722
917514725
917514726
917514728
917514729
917514731
917514732
917514733
917514734
917514735
917514737
917514742
917514745
917514746
917514748
917514749
917514750
917514752
917514754
917514756
917514759
917514790
917514794
917514795
917514796
917514798
917514800
917514806
917514809
917514811
917514812
917514813
917514823
917514824
917514826
917514828
917514833
917514834
917514841
917514849
917514850
917514855
917514856
917514875
917514880
917514882
917514884
917514885
917514886
917514897
917514899
917514908
917514915
917514919
917514920
917514921
917514938
917514939
917514940
917514941
917514942
917514943
917514945
917514947
917514951
917514962
917514964
917514965
917514975
917514976
917514977
917514978
917514979
917514980
917514981
917514982
917514983
917514984
917514986
917514987
917514988
917514989
917514990
917515005
917515006
917515009
917515010
917515011
917515012
917515015
917515016
917515260
917515268
917515271
917515272
917515273
917515274
917515276
917515277
917515279
917515280
917515281
917515282
917515283
917515284
917515296
917515297
917515298
917515299
917515300
917515305
917515306
917515311
917515312
917515318
917515319
917515321
917515322
917515323
917515324
917515328
917515329
917515330
917515342
917515343
917515355
917515356
917515358
917515359
917515364
917515372
917515376
917515378
917515379
917515380
917515381
917515384
917515385
917515396
917515397
917515398
915251074
915300405
915329334
915332443
915381461
915381848
915385422
915385444
915385460
915385966
915388650
915398369
915403105
915403338
915403496
915407603
915408588
915408940
915411499
915411507
915413534
915492080
915511735
915537107
915548871
915613632
915629151
915630170
915642480
915924182
916033056
916367437
916613834
916652150
916652491
916653938
916654996
916912466
916912472
916933345
916989233
917172498
917196897
917196901
917239135
917243918
917331194
917331879
917332002
917332003
917332748
917332749
917332751
917332752
917332849
917332850
917332851
917332852
917332855
917332856
917332858
917332861
917332871
917332872
917332875
917332878
917332879
917332880
917332884
917332886
917332897
917332899
917332901
917332910
917332911
917332919
917332920
917332925
917332945
917332946
917332950
917332954
917332955
917333033
917333036
917333044
917333045
917333077
917333081
917333088
917333103
917333130
917333138
917333148
917333299
917333375
917334110
917334144
917334146
917334148
917334156
917334159
917334184
917334186
917334187
917334210
917334213
917334215
917334261
917334262
917334263
917334287
917334298
917334312
917334323
917334325
917334337
917334339
917334368
917334379
917334395
917334403
917334411
917334428
917334441
917334451
917334454
917334455
917334458
917334460
917334463
917334465
917334467
917334555
917334558
917336127
917336131
917336134
917336135
917336136
917336137
917336144
917336145
917336152
917336159
917336190
917336195
917336200
917336206
917336211
917336212
917336214
917336216
917336228
917336229
917336231
917336237
917336242
917336243
917336259
917336260
917336284
917336304
917336307
917336316
917336319
917336326
917336327
917336328
917336330
917336333
917336334
917336337
917336338
917336339
917336340
917336345
917336347
917336358
917336369
917336370
917336376
917336378
917336381
917336385
917336392
917336393
917336397
917336402
917336406
917336415
917336416
917336423
917336434
917336441
917336443
917336449
917336452
917336453
917336459
917336463
917336470
917336472
917336477
917336478
917336484
917336493
917336513
917336514
917336518
917336524
917336531
917336534
917336536
917336541
917336561
917336562
917336575
917336576
917337089
917337093
917337094
917337095
917337108
917337110
917337113
917337114
917337115
917337116
917337120
917337121
917337122
917337125
917337140
917337142
917337147
917337148
917337155
917337161
917337163
917337166
917337168
917337169
917337175
917337178
917337186
917337187
917337188
917337190
917337194
917337202
917337203
917337204
917337205
917337206
917337209
917337225
917337229
917337231
917337235
917337237
917337243
917337248
917337249
917337251
917337254
917337258
917337259
917337260
917337261
917337263
917337268
917337269
917337270
917337274
917337299
917337302
917337304
917337313
917337315
917337316
917337343
917337345
917337346
917337350
917337364
917337368
917337369
917337371
917337374
917337376
917337378
917337380
917337381
917337382
917337397
917337399
917337400
917337402
917337413
917337414
917337449
917337452
917337453
917337454
917337455
917337456
917337457
917337459
917337461
917337474
917337475
917337476
917337481
917337484
917337485
917337487
917337499
917337500
917337501
917337502
917337503
917337504
917337510
917337512
917337518
917337523
917337578
917337585
917337586
917337587
917337590
917337591
917337592
917337594
917337600
917337615
917337617
917337619
917337620
917337625
917337626
917337627
917337638
917337639
917337640
917337641
917337643
917337649
917337651
917337655
917337663
917337664
917337686
917337690
917337693
917337694
917337720
917338748
917338752
917338758
917338759
917338760
917338761
917338764
917338765
917338766
917338768
917338771
917338774
917338783
917338785
917338835
917338877
917338879
917338881
917338883
917338886
917338888
917338889
917338892
917338893
917338915
917338938
917338946
917338947
917338950
917338954
917338958
917338959
917338963
917338967
917338970
917338977
917338978
917338979
917339038
917339055
917339058
917339071
917339072
917339114
917339116
917339139
917339142
917339144
917339158
917339163
917339172
917339174
917339175
917339184
917339187
917339188
917339190
917339191
917339192
917339195
917339199
917339206
917339207
917339208
917339209
917339240
917339241
917339256
917339257
917339265
917339284
917339315
917339329
917339347
917339350
917339351
917339352
917339383
917339412
917339432
917339437
915251074
915300405
915329334
915332443
915381461
915381848
915385422
915385444
915385460
915385966
915388650
915398369
915403105
915403338
915403496
915407603
915408588
915408940
915411499
915411507
915413534
915492080
915511735
915537107
915548871
915613632
915629151
915630170
915642480
915924182
916033056
916367437
916613834
916652150
916652491
916653938
916654996
916912466
916912472
916933345
916989233
917172498
917196897
917196901
917239135
917243918
917331194
917331879
917332002
917332003
917332748
917332749
917332751
917332752
917332849
917332850
917332851
917332852
917332855
917332856
917332858
917332861
917332871
917332872
917332875
917332878
917332879
917332880
917332884
917332886
917332897
917332899
917332901
917332910
917332911
917332919
917332920
917332925
917332945
917332946
917332950
917332954
917332955
917333033
917333036
917333044
917333045
917333077
917333081
917333088
917333103
917333130
917333138
917333148
917333299
917333375
917334110
917334144
917334146
917334148
917334156
917334159
917334184
917334186
917334187
917334210
917334213
917334215
917334261
917334262
917334263
917334287
917334298
917334312
917334323
917334325
917334337
917334339
917334368
917334379
917334395
917334403
917334411
917334428
917334441
917334451
917334454
917334455
917334458
917334460
917334463
917334465
917334467
917334555
917334558
917336127
917336131
917336134
917336135
917336136
917336137
917336144
917336145
917336152
917336159
917336190
917336195
917336200
917336206
917336211
917336212
917336214
917336216
917336228
917336229
917336231
917336237
917336242
917336243
917336259
917336260
917336284
917336304
917336307
917336316
917336319
917336326
917336327
917336328
917336330
917336333
917336334
917336337
917336338
915251074
915300405
915329334
915332443
915381461
915381848
915385422
915385444
915385460
915385966
915388650
915398369
915403105
915403338
915403496
915407603
915408588
915408940
915411499
915411507
915413534
915492080
915511735
915537107
915548871
915613632
915629151
915630170
915642480
915924182
916033056
916367437
916613834
916652150
916652491
916653938
916654996
916912466
916912472
916933345
916989233
917172498
917196897
917196901
917239135
917243918
917331194
917331879
917332002
917332003
917332748
917332749
917332751
917332752
917332849
917332850
917332851
917332852
917332855
917332856
917332858
917332861
917332871
917332872
917332875
917332878
917332879
917332880
917332884
917332886
917332897
917332899
917332901
917332910
917332911
917332919
917332920
917332925
917332945
917332946
917332950
917332954
917332955
917333033
917333036
917333044
917333045
917333077
917333081
917333088
917333103
917333130
917333138
917333148
917333299
917333375
917334110
917334144
917334146
917334148
917334156
917334159
917334184
917334186
917334187
917334210
917334213
917334215
917334261
917334262
917334263
917334287
917334298
917334312
917334323
917334325
917334337
917334339
917334368
917334379
917334395
917334403
917334411
917334428
917334441
917334451
917334454
917334455
917334458
917334460
917334463
917334465
917334467
917334555
917334558
917336127
917336131
917336134
917336135
917336136
917336137
917336144
917336145
917336152
917336159
917336190
917336195
917336200
917336206
917336211
917336212
917336214
917336216
917336228
917336229
917336231
917336237
917336242
917336243
917336259
917336260
917336284
917336304
917336307
917336316
917336319
917336326
917336327
917336328
917336330
917336333
917336334
917336337
917336338
917336339
917336340
917336345
917336347
917336358
917336369
917336370
917336376
917336378
917336381
917336385
917336392
917336393
917336397
917336402
917336406
917336415
917336416
917336423
917336434
917336441
917336443
917336449
917336452
917336453
917336459
917336463
917336470
917336472
917336477
917336478
917336484
917336493
917336513
917336514
917336518
917336524
917336531
917336534
917336536
917336541
917336561
917336562
917336575
917336576
917337089
917337093
917337094
917337095
917337108
917337110
917337113
915251074
915300405
915329334
915332443
915381461
915381848
915385422
915385444
915385460
915385966
915388650
915398369
915403105
915403338
915403496
915407603
915408588
915408940
915411499
915411507
915413534
915492080
915511735
915537107
915548871
915613632
915629151
915630170
915642480
915924182
916033056
916367437
916613834
916652150
916652491
916653938
916654996
916912466
916912472
916933345
916989233
917172498
917196897
917196901
917239135
917243918
917331194
917331879
917332002
917332003
917332748
917332749
917332751
917332752
917332849
917332850
917332851
917332852
917332855
917332856
917332858
917332861
917332871
917332872
917332875
917332878
917332879
917332880
917332884
917332886
917332897
917332899
917332901
917332910
917332911
917332919
917332920
917332925
917332945
917332946
917332950
917332954
917332955
917333033
917333036
917333044
917333045
917333077
917333081
917333088
917333103
917333130
917333138
917333148
917333299
917333375
917334110
917334144
917334146
917334148
917334156
917334159
917334184
917334186
917334187
917334210
917334213
917334215
917334261
917334262
917334263
917334287
917334298
917334312
917334323
917334325
917334337
917334339
917334368
917334379
917334395
917334403
917334411
917334428
917334441
917334451
917334454
917334455
917334458
917334460
917334463
917334465
917334467
917334555
917334558
917336127
917336131
917336134
917336135
917336136
917336137
917336144
917336145
917336152
917336159
917336190
917336195
917336200
917336206
917336211
917336212
917336214
917336216
917336228
917336229
917336231
917336237
917336242
917336243
917336259
917336260
917336284
